Date,City,Temp,Air Quality,PM 2.5,PM 10
8/14/2024 10:37:05,Toronto,22.71°C,Good,7.29,11.57
8/14/2024 10:37:06,San Francisco,13.64°C,Good,2.13,2.91
8/14/2024 10:37:07,New York,25.74°C,Fair,15.41,17.81
8/14/2024 10:37:07,Dallas,30.33°C,Good,2.2,3.18
8/14/2024 10:37:08,Boston,24.63°C,Fair,9.56,10.89
8/14/2024 10:37:08,Miami,32.06°C,Good,2.4,4.58
8/14/2024 10:37:08,Houston,30.53°C,Fair,10.65,14.08
8/19/2024 13:05:19,Toronto,15.6°C,Good,3.37,3.84
8/19/2024 13:05:19,San Francisco,15.97°C,Fair,1.36,1.92
8/19/2024 13:05:20,New York,27.85°C,Fair,4.86,5.63
8/19/2024 13:05:21,Dallas,36.41°C,Moderate,3.93,5.29
8/19/2024 13:05:21,Boston,24.36°C,Fair,4.53,5.19
8/19/2024 13:05:22,Miami,30.94°C,Good,1.11,1.51
8/19/2024 13:05:22,Houston,34.56°C,Moderate,5.92,8.09
8/20/2024 10:49:02,Toronto,16.02°C,Good,0.98,1.73
8/20/2024 10:49:04,San Francisco,15.07°C,Fair,2.31,4.22
8/20/2024 10:49:05,New York,19.21°C,Good,0.7,1.45
8/20/2024 10:49:07,Dallas,28.94°C,Fair,9.24,11.6
8/20/2024 10:49:08,Boston,18.91°C,Fair,1.09,1.61
8/20/2024 10:49:08,Miami,31.36°C,Good,3.36,4.98
8/20/2024 10:49:09,Houston,29.61°C,Good,7.96,11.09
8/20/2024 10:49:21,Toronto,16.05°C,Good,0.98,1.73
8/20/2024 10:49:22,San Francisco,14.99°C,Fair,2.31,4.22
8/20/2024 10:49:22,New York,18.83°C,Good,0.7,1.45
8/20/2024 10:49:23,Dallas,29.27°C,Fair,9.24,11.6
8/20/2024 10:49:24,Boston,19.01°C,Fair,1.09,1.61
8/20/2024 10:49:25,Miami,31.46°C,Good,3.36,4.98
8/20/2024 10:49:25,Houston,29.68°C,Good,7.96,11.09
8/21/2024 0:10:46,Toronto,14.45°C,Good,1.08,2.18
8/21/2024 0:10:47,San Francisco,17.38°C,Fair,2.42,4.25
8/21/2024 0:10:48,New York,17.11°C,Good,0.81,1.49
8/21/2024 0:10:48,Dallas,31.15°C,Fair,9.21,10.51
8/21/2024 0:10:49,Boston,14.54°C,Good,1.78,2.74
8/21/2024 0:10:49,Miami,28°C,Good,2.55,3.76
8/21/2024 0:10:50,Houston,31.23°C,Good,9.5,12.92
8/22/2024 0:10:43,Toronto,15.44°C,Good,1.6,2.96
8/22/2024 0:10:44,San Francisco,15.9°C,Fair,2.25,4.29
8/22/2024 0:10:45,New York,17.18°C,Good,0.58,1.25
8/22/2024 0:10:46,Dallas,29.69°C,Fair,10.49,11.55
8/22/2024 0:10:46,Boston,15.13°C,Good,1.56,1.95
8/22/2024 0:10:46,Miami,27.11°C,Fair,9.62,13.24
8/22/2024 0:10:47,Houston,30.86°C,Good,9.36,12.15
8/23/2024 0:10:43,Toronto,16.83°C,Good,5.67,10.75
8/23/2024 0:10:44,San Francisco,15.93°C,Fair,3.04,5.65
8/23/2024 0:10:44,New York,19.96°C,Good,2.94,4.95
8/23/2024 0:10:44,Dallas,31.02°C,Fair,4.85,6.2
8/23/2024 0:10:45,Boston,17.1°C,Good,1.3,1.95
8/23/2024 0:10:45,Miami,28.08°C,Good,1.55,3.19
8/23/2024 0:10:45,Houston,30.78°C,Fair,14.28,16.13
8/24/2024 0:10:43,Toronto,17.99°C,Fair,12.08,14.84
8/24/2024 0:10:44,San Francisco,15.91°C,Fair,2.13,4.91
8/24/2024 0:10:44,New York,21.44°C,Fair,14.66,21.38
8/24/2024 0:10:45,Dallas,28.67°C,Good,4.55,6.54
8/24/2024 0:10:45,Boston,17.87°C,Good,6.97,8.45
8/24/2024 0:10:46,Miami,27.64°C,Good,0.69,1.86
8/24/2024 0:10:46,Houston,29.55°C,Fair,13.25,15.82
8/25/2024 0:10:43,Toronto,21.23°C,Fair,20.09,24.88
8/25/2024 0:10:44,San Francisco,17.25°C,Fair,3.15,5.06
8/25/2024 0:10:44,New York,22.11°C,Fair,17.75,20.58
8/25/2024 0:10:45,Dallas,30.47°C,Fair,14.09,15.42
8/25/2024 0:10:45,Boston,18.79°C,Fair,13.94,16.43
8/25/2024 0:10:46,Miami,27.2°C,Good,1.22,2.88
8/25/2024 0:10:46,Houston,28.97°C,Good,6.69,8.51
8/26/2024 0:10:43,Toronto,20.04°C,Moderate,31.01,38.95
8/26/2024 0:10:43,San Francisco,18.37°C,Fair,2.42,3.72
8/26/2024 0:10:43,New York,23.34°C,Fair,18.89,23.57
8/26/2024 0:10:44,Dallas,30.69°C,Fair,9.82,11.46
8/26/2024 0:10:44,Boston,19.37°C,Fair,11.17,12.63
8/26/2024 0:10:44,Miami,27.95°C,Good,0.76,1.94
8/26/2024 0:10:45,Houston,28.88°C,Good,2.15,2.77
8/27/2024 0:10:43,Toronto,22.13°C,Fair,15.42,18.39
8/27/2024 0:10:44,San Francisco,16.98°C,Fair,4.39,5.94
8/27/2024 0:10:44,New York,21.61°C,Moderate,21.23,28.85
8/27/2024 0:10:45,Dallas,29.54°C,Good,0.78,1.25
8/27/2024 0:10:45,Boston,18.73°C,Fair,14.92,16.01
8/27/2024 0:10:46,Miami,28.79°C,Good,0.5,1.76
8/27/2024 0:10:46,Houston,27.38°C,Good,3.27,4.32
8/28/2024 0:10:43,Toronto,25.71°C,Fair,17.92,22.08
8/28/2024 0:10:43,San Francisco,17.44°C,Fair,4.82,7.44
8/28/2024 0:10:44,New York,23.8°C,Moderate,25.07,27.64
8/28/2024 0:10:44,Dallas,27.64°C,Good,1.11,1.93
8/28/2024 0:10:44,Boston,21.66°C,Fair,15.54,16.66
8/28/2024 0:10:45,Miami,28.5°C,Good,2.21,3.7
8/28/2024 0:10:45,Houston,27.18°C,Good,5.71,7.99
8/29/2024 0:10:44,Toronto,17.84°C,Good,7.25,10.76
8/29/2024 0:10:44,San Francisco,14.87°C,Fair,6.49,14.28
8/29/2024 0:10:45,New York,26.56°C,Good,6.12,6.88
8/29/2024 0:10:45,Dallas,28.5°C,Fair,3.26,4.16
8/29/2024 0:10:46,Boston,20.16°C,Fair,8.76,9
8/29/2024 0:10:47,Miami,28.3°C,Good,1.46,2.79
8/29/2024 0:10:47,Houston,27.76°C,Good,3.9,5
8/30/2024 0:10:43,Toronto,16.84°C,Fair,19.66,22.48
8/30/2024 0:10:44,San Francisco,15.51°C,Fair,7.78,22.37
8/30/2024 0:10:45,New York,21.32°C,Fair,14.24,21.69
8/30/2024 0:10:45,Dallas,27.08°C,Fair,1.97,2.41
8/30/2024 0:10:46,Boston,14.28°C,Good,7.84,9.26
8/30/2024 0:10:46,Miami,25.99°C,Good,1.03,2.54
8/30/2024 0:10:47,Houston,25.99°C,Good,2.75,3.4
8/31/2024 0:10:43,Toronto,22.53°C,Fair,17.11,20.98
8/31/2024 0:10:44,San Francisco,16.14°C,Fair,9.7,24.44
8/31/2024 0:10:44,New York,20.58°C,Fair,11.01,18.49
8/31/2024 0:10:45,Dallas,28.66°C,Good,1.76,2.27
8/31/2024 0:10:45,Boston,16°C,Good,7.11,10.78
8/31/2024 0:10:45,Miami,27.18°C,Good,1.09,2.59
8/31/2024 0:10:46,Houston,26.61°C,Good,4.06,4.96
9/1/2024 0:10:43,Toronto,19.56°C,Moderate,15.69,27.47
9/1/2024 0:10:44,San Francisco,15.74°C,Fair,7.69,16.9
9/1/2024 0:10:45,New York,22.97°C,Good,6.92,9.65
9/1/2024 0:10:46,Dallas,28.7°C,Good,0.99,1.32
9/1/2024 0:10:46,Boston,21.67°C,Fair,4.21,9.68
9/1/2024 0:10:47,Miami,27.21°C,Good,0.5,1.06
9/1/2024 0:10:47,Houston,26.72°C,Good,6.36,9.73
9/2/2024 0:10:43,Toronto,16.13°C,Good,0.6,1.24
9/2/2024 0:10:43,San Francisco,16.42°C,Fair,4.55,9.51
9/2/2024 0:10:44,New York,24.58°C,Good,6.27,7.77
9/2/2024 0:10:44,Dallas,25.24°C,Good,0.51,0.87
9/2/2024 0:10:44,Boston,22.01°C,Good,7.22,7.94
9/2/2024 0:10:45,Miami,26.96°C,Good,0.71,1.53
9/2/2024 0:10:45,Houston,26.76°C,Good,4.35,6.25
9/3/2024 0:10:43,Toronto,13.65°C,Good,1.18,3.61
9/3/2024 0:10:43,San Francisco,16.49°C,Fair,2.6,4.67
9/3/2024 0:10:43,New York,18.3°C,Good,0.85,1.44
9/3/2024 0:10:44,Dallas,28.56°C,Good,1.76,2.72
9/3/2024 0:10:44,Boston,16.09°C,Good,0.53,0.83
9/3/2024 0:10:44,Miami,27.18°C,Good,1.16,2.93
9/3/2024 0:10:45,Houston,27.66°C,Good,5.4,6.33
9/4/2024 0:10:44,Toronto,15.56°C,Moderate,9.73,18.66
9/4/2024 0:10:44,San Francisco,19.14°C,Fair,5.75,7.85
9/4/2024 0:10:44,New York,18.06°C,Fair,14.7,25.66
9/4/2024 0:10:45,Dallas,23.9°C,Good,8.4,9.19
9/4/2024 0:10:45,Boston,13.93°C,Good,4.37,6.8
9/4/2024 0:10:46,Miami,27.07°C,Good,1.36,2.41
9/4/2024 0:10:46,Houston,28.04°C,Good,3.31,4.46
9/5/2024 0:10:44,Toronto,17.12°C,Fair,7.47,11.98
9/5/2024 0:10:45,San Francisco,15.55°C,Fair,6.78,11.54
9/5/2024 0:10:46,New York,19.04°C,Moderate,15.16,23.43
9/5/2024 0:10:46,Dallas,23.98°C,Fair,6.61,7.69
9/5/2024 0:10:47,Boston,15.97°C,Good,9.78,12.73
9/5/2024 0:10:48,Miami,25.73°C,Good,2.05,3.61
9/5/2024 0:10:49,Houston,25.11°C,Good,4.43,5.26
9/6/2024 0:10:43,Toronto,18.11°C,Fair,16.77,23.61
9/6/2024 0:10:43,San Francisco,15.98°C,Moderate,9.44,11.34
9/6/2024 0:10:44,New York,19.09°C,Moderate,11.38,23.96
9/6/2024 0:10:44,Dallas,27.15°C,Good,4.43,5.64
9/6/2024 0:10:44,Boston,15.44°C,Good,5.55,9.57
9/6/2024 0:10:45,Miami,28.75°C,Good,0.85,2.39
9/6/2024 0:10:45,Houston,24.76°C,Good,1.51,2.1
9/7/2024 0:10:43,Toronto,15.13°C,Good,0.99,1.48
9/7/2024 0:10:43,San Francisco,16.19°C,Fair,2.18,3.32
9/7/2024 0:10:43,New York,21.32°C,Fair,11.44,29.86
9/7/2024 0:10:44,Dallas,25.6°C,Fair,4.54,5.19
9/7/2024 0:10:44,Boston,18.13°C,Good,5.71,14.02
9/7/2024 0:10:44,Miami,28.81°C,Good,2.37,6.07
9/7/2024 0:10:45,Houston,23.16°C,Good,2.8,3.37
9/8/2024 0:10:44,Toronto,9.76°C,Good,0.5,0.99
9/8/2024 0:10:44,San Francisco,14.43°C,Fair,3.61,5.14
9/8/2024 0:10:45,New York,16.07°C,Good,1.78,2.53
9/8/2024 0:10:46,Dallas,23.5°C,Fair,2.34,3.2
9/8/2024 0:10:46,Boston,15.4°C,Fair,4.97,6.57
9/8/2024 0:10:47,Miami,29.04°C,Good,1.96,5.51
9/8/2024 0:10:47,Houston,25.04°C,Fair,8.66,9.41
9/9/2024 0:10:43,Toronto,15.51°C,Good,2.22,4.13
9/9/2024 0:10:44,San Francisco,14.28°C,Fair,2.99,4.68
9/9/2024 0:10:45,New York,16.97°C,Good,1.75,3.04
9/9/2024 0:10:46,Dallas,20.51°C,Fair,5.14,6.5
9/9/2024 0:10:46,Boston,13.42°C,Good,1.41,2.13
9/9/2024 0:10:47,Miami,29.23°C,Good,1.05,2.26
9/9/2024 0:10:47,Houston,24.11°C,Fair,5.23,5.87
9/10/2024 0:10:45,Toronto,14.79°C,Good,4.39,7.86
9/10/2024 0:10:45,San Francisco,14.8°C,Fair,3.22,6.94
9/10/2024 0:10:46,New York,19.98°C,Fair,11.65,18.77
9/10/2024 0:10:47,Dallas,21.79°C,Good,7.98,10.74
9/10/2024 0:10:48,Boston,17.02°C,Good,3.65,4.84
9/10/2024 0:10:53,Miami,26.84°C,Good,2.01,5.07
9/10/2024 0:10:54,Houston,26.97°C,Good,9.96,11.65
9/11/2024 0:10:43,Toronto,15.44°C,Moderate,14,21.12
9/11/2024 0:10:43,San Francisco,14.97°C,Fair,5.68,14.6
9/11/2024 0:10:44,New York,20.19°C,Good,5.26,8.45
9/11/2024 0:10:44,Dallas,27.3°C,Fair,10.55,13.26
9/11/2024 0:10:45,Boston,14.76°C,Good,4.91,7.07
9/11/2024 0:10:45,Miami,25.83°C,Good,1.46,2.67
9/11/2024 0:10:46,Houston,24.56°C,Good,3.68,4.25
9/12/2024 0:10:43,Toronto,15.66°C,Fair,14.53,25.02
9/12/2024 0:10:44,San Francisco,16.05°C,Fair,2.83,4.44
9/12/2024 0:10:45,New York,19.12°C,Moderate,31.3,38.85
9/12/2024 0:10:46,Dallas,22.68°C,Fair,2.9,3.75
9/12/2024 0:10:46,Boston,15.58°C,Fair,11.74,14.62
9/12/2024 0:10:47,Miami,25.71°C,Good,4.5,7.56
9/12/2024 0:10:48,Houston,24.51°C,Good,1.23,1.66
9/13/2024 0:10:43,Toronto,18.72°C,Moderate,32.39,47.08
9/13/2024 0:10:44,San Francisco,15.06°C,Fair,3.6,6.97
9/13/2024 0:10:44,New York,19.21°C,Fair,14.74,22.75
9/13/2024 0:10:45,Dallas,23.82°C,Fair,7.9,11.39
9/13/2024 0:10:45,Boston,17.56°C,Good,7.31,9.62
9/13/2024 0:10:45,Miami,28.74°C,Good,9.95,14.77
9/13/2024 0:10:46,Houston,24.79°C,Fair,21.3,26.48
9/14/2024 0:10:43,Toronto,18.35°C,Moderate,35.67,44.81
9/14/2024 0:10:43,San Francisco,13.58°C,Fair,6.49,11.31
9/14/2024 0:10:44,New York,20.28°C,Fair,16.03,26.16
9/14/2024 0:10:44,Dallas,28.31°C,Fair,11.29,14.81
9/14/2024 0:10:44,Boston,19.28°C,Fair,15.22,21.64
9/14/2024 0:10:45,Miami,26.11°C,Moderate,15.41,20.54
9/14/2024 0:10:45,Houston,28.55°C,Fair,10.53,12.96
9/15/2024 0:10:43,Toronto,19.3°C,Moderate,27.07,32.26
9/15/2024 0:10:43,San Francisco,13.79°C,Fair,2.7,5.27
9/15/2024 0:10:44,New York,21.31°C,Moderate,29.26,39.1
9/15/2024 0:10:45,Dallas,28.68°C,Fair,12.83,14.85
9/15/2024 0:10:46,Boston,16.86°C,Good,8.43,10.87
9/15/2024 0:10:47,Miami,27.08°C,Fair,18.32,21.21
9/15/2024 0:10:47,Houston,28.88°C,Good,6.93,9.58
9/16/2024 0:10:44,Toronto,19.49°C,Moderate,35.16,42.74
9/16/2024 0:10:44,San Francisco,14.14°C,Fair,1.61,4.7
9/16/2024 0:10:45,New York,18.49°C,Moderate,12.67,23.08
9/16/2024 0:10:46,Dallas,26.25°C,Good,1.26,2.21
9/16/2024 0:10:46,Boston,15.02°C,Good,4.74,7.7
9/16/2024 0:10:47,Miami,27.74°C,Good,4.52,7.32
9/16/2024 0:10:48,Houston,27.98°C,Fair,21.4,26.8
9/17/2024 0:10:43,Toronto,19.68°C,Moderate,29.42,44.01
9/17/2024 0:10:44,San Francisco,13.56°C,Fair,3.62,6.29
9/17/2024 0:10:45,New York,19.06°C,Fair,16.5,31.97
9/17/2024 0:10:46,Dallas,26.34°C,Good,0.81,1.55
9/17/2024 0:10:46,Boston,16.76°C,Good,5.57,10.2
9/17/2024 0:10:47,Miami,26.73°C,Good,7.13,10.85
9/17/2024 0:10:47,Houston,28.37°C,Fair,13.67,17.28
9/18/2024 0:10:43,Toronto,19.42°C,Fair,14.35,18.13
9/18/2024 0:10:44,San Francisco,14.44°C,Fair,2.41,5.4
9/18/2024 0:10:44,New York,21.01°C,Fair,16.04,31.8
9/18/2024 0:10:45,Dallas,25.64°C,Good,3.76,4.7
9/18/2024 0:10:46,Boston,18.15°C,Good,6.74,14.71
9/18/2024 0:10:47,Miami,27.13°C,Good,2.77,5.23
9/18/2024 0:10:47,Houston,28.25°C,Fair,11.83,14.72
9/19/2024 0:10:43,Toronto,18.62°C,Fair,16.76,27.22
9/19/2024 0:10:44,San Francisco,15.58°C,Fair,1.03,1.4
9/19/2024 0:10:45,New York,21.56°C,Good,3.76,5.69
9/19/2024 0:10:45,Dallas,28.85°C,Good,8,10.73
9/19/2024 0:10:46,Boston,18.18°C,Good,4.87,9.76
9/19/2024 0:10:46,Miami,26.87°C,Moderate,48.45,53.51
9/19/2024 0:10:47,Houston,27.97°C,Good,6.92,9.95
9/20/2024 0:10:44,Toronto,19.45°C,Moderate,35.14,49.5
9/20/2024 0:10:44,San Francisco,14.18°C,Fair,4.3,10.69
9/20/2024 0:10:44,New York,23.14°C,Fair,5.12,7.83
9/20/2024 0:10:45,Dallas,29.83°C,Good,8.19,11.51
9/20/2024 0:10:45,Boston,19.02°C,Fair,1.03,1.14
9/20/2024 0:10:46,Miami,25.01°C,Moderate,31.5,37.19
9/20/2024 0:10:47,Houston,28.3°C,Good,3.95,6.62
9/21/2024 0:10:44,Toronto,19.5°C,Fair,23.5,27.74
9/21/2024 0:10:44,San Francisco,13.64°C,Fair,5.24,9.93
9/21/2024 0:10:45,New York,20.18°C,Good,5.32,7.99
9/21/2024 0:10:45,Dallas,30.12°C,Good,8.64,11.36
9/21/2024 0:10:46,Boston,15.91°C,Fair,2.47,4.54
9/21/2024 0:10:46,Miami,27.57°C,Fair,13.45,17.87
9/21/2024 0:10:47,Houston,28.16°C,Good,8.71,12.43
9/22/2024 0:10:45,Toronto,18.3°C,Fair,19.19,24.23
9/22/2024 0:10:47,San Francisco,14.01°C,Fair,8.22,21.2
9/22/2024 0:10:49,New York,18.33°C,Moderate,14.53,22.25
9/22/2024 0:10:50,Dallas,29.31°C,Fair,7.25,9.21
9/22/2024 0:10:50,Boston,13.74°C,Fair,1.36,2.56
9/22/2024 0:10:52,Miami,26.74°C,Good,3.28,4.65
9/22/2024 0:10:53,Houston,27.87°C,Fair,12.52,15.59
9/23/2024 0:10:43,Toronto,19.93°C,Fair,9.88,11.76
9/23/2024 0:10:43,San Francisco,13.53°C,Fair,7.95,10.32
9/23/2024 0:10:44,New York,17.83°C,Fair,5.79,9.66
9/23/2024 0:10:44,Dallas,29.63°C,Good,3.95,6.09
9/23/2024 0:10:45,Boston,14.65°C,Good,1.97,3.29
9/23/2024 0:10:45,Miami,26.95°C,Good,3.39,5.38
9/23/2024 0:10:45,Houston,27.54°C,Good,8.58,12.53
9/24/2024 0:10:43,Toronto,17.38°C,Good,6.9,12.27
9/24/2024 0:10:44,San Francisco,19.63°C,Fair,8.83,10.66
9/24/2024 0:10:44,New York,17.1°C,Moderate,11.25,19.91
9/24/2024 0:10:44,Dallas,23.75°C,Good,3.41,4.67
9/24/2024 0:10:45,Boston,13.55°C,Good,1.46,3.54
9/24/2024 0:10:45,Miami,28.32°C,Good,1.96,3.91
9/24/2024 0:10:45,Houston,27.69°C,Good,7.15,9.89
9/25/2024 0:10:44,Toronto,16.88°C,Fair,1.68,2.55
9/25/2024 0:10:45,San Francisco,15.24°C,Fair,15.04,17.86
9/25/2024 0:10:45,New York,17.2°C,Good,3.73,8.97
9/25/2024 0:10:46,Dallas,25.84°C,Good,5.31,7.77
9/25/2024 0:10:46,Boston,15.33°C,Good,2.65,4.48
9/25/2024 0:10:46,Miami,28.03°C,Fair,2.42,4.5
9/25/2024 0:10:47,Houston,27.72°C,Fair,19.1,23.68
9/26/2024 0:10:43,Toronto,17.78°C,Fair,9.17,12.88
9/26/2024 0:10:44,San Francisco,14.63°C,Fair,1.63,2.85
9/26/2024 0:10:45,New York,18.31°C,Good,4,7.3
9/26/2024 0:10:46,Dallas,21.66°C,Good,2.77,3.65
9/26/2024 0:10:46,Boston,15.77°C,Good,2.8,7.76
9/26/2024 0:10:47,Miami,28.54°C,Good,1.98,4.07
9/26/2024 0:10:47,Houston,26.35°C,Good,8.19,9.79
9/27/2024 0:10:43,Toronto,15.87°C,Good,6.07,13.36
9/27/2024 0:10:44,San Francisco,15.54°C,Fair,2.61,4.56
9/27/2024 0:10:45,New York,22.15°C,Good,4.53,6.58
9/27/2024 0:10:46,Dallas,22.86°C,Good,4.94,6.33
9/27/2024 0:10:46,Boston,17.19°C,Good,2.1,2.72
9/27/2024 0:10:47,Miami,28.88°C,Good,3.1,5.61
9/27/2024 0:10:47,Houston,23.44°C,Fair,3.89,4.77
9/28/2024 0:10:43,Toronto,18.74°C,Good,3.78,5.64
9/28/2024 0:10:43,San Francisco,18.75°C,Fair,3.93,4.97
9/28/2024 0:10:44,New York,19.84°C,Moderate,19.33,28.77
9/28/2024 0:10:44,Dallas,23.22°C,Fair,7.85,8.9
9/28/2024 0:10:44,Boston,16.43°C,Fair,22.73,30.42
9/28/2024 0:10:45,Miami,28.34°C,Good,1.31,2.34
9/28/2024 0:10:45,Houston,25.49°C,Fair,8.22,9.25
9/29/2024 0:10:43,Toronto,19.93°C,Fair,4.19,5.34
9/29/2024 0:10:43,San Francisco,13.76°C,Fair,6.39,14.84
9/29/2024 0:10:44,New York,16.26°C,Good,5.58,8.7
9/29/2024 0:10:44,Dallas,24.09°C,Fair,8.4,9.55
9/29/2024 0:10:44,Boston,15.72°C,Good,8.73,10.99
9/29/2024 0:10:45,Miami,28.04°C,Good,2.56,5.36
9/29/2024 0:10:45,Houston,25.81°C,Fair,9.28,10.46
9/30/2024 0:10:44,Toronto,17.07°C,Fair,11.61,14.89
9/30/2024 0:10:45,San Francisco,14.14°C,Fair,3.68,8.38
9/30/2024 0:10:46,New York,16.72°C,Good,3.37,6.66
9/30/2024 0:10:47,Dallas,22.81°C,Good,6.65,7.99
9/30/2024 0:10:47,Boston,12.68°C,Good,7.98,11.34
9/30/2024 0:10:48,Miami,28.12°C,Good,1.04,3.04
9/30/2024 0:10:48,Houston,25.58°C,Fair,21.39,23.85
10/1/2024 0:10:43,Toronto,17.94°C,Fair,14.31,19.85
10/1/2024 0:10:43,San Francisco,20.74°C,Fair,4.71,7.04
10/1/2024 0:10:44,New York,17.27°C,Fair,13.31,24.39
10/1/2024 0:10:44,Dallas,26.25°C,Moderate,29,39.86
10/1/2024 0:10:44,Boston,13.8°C,Fair,21.24,24.56
10/1/2024 0:10:45,Miami,28.4°C,Good,2.03,5.23
10/1/2024 0:10:45,Houston,26.27°C,Fair,14.04,15.96
10/2/2024 0:10:43,Toronto,13.02°C,Good,3.2,3.78
10/2/2024 0:10:43,San Francisco,22.19°C,Fair,5.29,7
10/2/2024 0:10:44,New York,16.28°C,Fair,19.99,31.69
10/2/2024 0:10:44,Dallas,25.96°C,Moderate,9.4,10.39
10/2/2024 0:10:45,Boston,13.89°C,Good,3.94,6.92
10/2/2024 0:10:45,Miami,27.19°C,Good,3.43,8.76
10/2/2024 0:10:45,Houston,27.54°C,Moderate,32.37,41.51
10/3/2024 0:10:43,Toronto,12.64°C,Moderate,15.48,35.5
10/3/2024 0:10:44,San Francisco,22.86°C,Fair,5.08,8.51
10/3/2024 0:10:44,New York,17.44°C,Fair,21.34,37.95
10/3/2024 0:10:45,Dallas,25.9°C,Fair,19.5,24.8
10/3/2024 0:10:45,Boston,11.44°C,Good,8.23,13.03
10/3/2024 0:10:46,Miami,27.56°C,Good,3.41,7.51
10/3/2024 0:10:46,Houston,26.34°C,Fair,14.33,17.1
10/4/2024 0:10:44,Toronto,14.6°C,Fair,10.59,17.32
10/4/2024 0:10:44,San Francisco,17.99°C,Fair,8.11,16.55
10/4/2024 0:10:45,New York,16.98°C,Fair,7.89,16.73
10/4/2024 0:10:45,Dallas,26.19°C,Fair,11.91,15.33
10/4/2024 0:10:45,Boston,14.8°C,Good,4.6,8.57
10/4/2024 0:10:46,Miami,28.29°C,Good,1.57,4.4
10/4/2024 0:10:46,Houston,26.66°C,Fair,23.5,28.73
10/5/2024 0:10:43,Toronto,13.32°C,Good,4,7.16
10/5/2024 0:10:43,San Francisco,19.81°C,Fair,2.9,3.61
10/5/2024 0:10:44,New York,18.99°C,Fair,13.24,22.96
10/5/2024 0:10:44,Dallas,23.47°C,Fair,12.52,15.74
10/5/2024 0:10:44,Boston,16.2°C,Good,4.91,10.27
10/5/2024 0:10:45,Miami,27.81°C,Fair,2.35,3.95
10/5/2024 0:10:45,Houston,26.85°C,Good,6.49,8.32
10/6/2024 0:10:43,Toronto,14.8°C,Fair,5.39,10.24
10/6/2024 0:10:44,San Francisco,23.69°C,Fair,3.02,4.23
10/6/2024 0:10:45,New York,17.47°C,Good,3.91,6.25
10/6/2024 0:10:45,Dallas,25.46°C,Fair,17.16,22.22
10/6/2024 0:10:46,Boston,11.71°C,Good,2.05,2.93
10/6/2024 0:10:47,Miami,26.05°C,Fair,1.69,4.47
10/6/2024 0:10:47,Houston,26.16°C,Fair,6.78,9.79
10/7/2024 0:10:43,Toronto,14.06°C,Fair,3.73,4.74
10/7/2024 0:10:44,San Francisco,23.05°C,Fair,5.56,7.83
10/7/2024 0:10:44,New York,18.36°C,Good,9.89,14.09
10/7/2024 0:10:44,Dallas,28.78°C,Fair,12.26,17.33
10/7/2024 0:10:45,Boston,12.02°C,Good,4.1,5.8
10/7/2024 0:10:45,Miami,27.1°C,Fair,0.55,1.15
10/7/2024 0:10:46,Houston,27.96°C,Fair,6.88,8.05
10/8/2024 0:10:46,Toronto,10.66°C,Good,2.43,6.17
10/8/2024 0:10:46,San Francisco,19.83°C,Fair,3.87,6.83
10/8/2024 0:10:48,New York,15.37°C,Good,2.24,4.09
10/8/2024 0:10:48,Dallas,24.08°C,Fair,14.48,18.72
10/8/2024 0:10:49,Boston,12.8°C,Good,4.4,5.3
10/8/2024 0:10:49,Miami,24.67°C,Good,2.13,3.08
10/8/2024 0:10:50,Houston,26.17°C,Fair,15.98,21.63
10/8/2024 0:11:11,Toronto,10.73°C,Good,2.43,6.17
10/8/2024 0:11:12,San Francisco,19.83°C,Fair,3.87,6.83
10/8/2024 0:11:12,New York,15.37°C,Good,2.24,4.09
10/8/2024 0:11:13,Dallas,24.08°C,Fair,14.48,18.72
10/8/2024 0:11:14,Boston,12.76°C,Good,4.4,5.3
10/8/2024 0:11:14,Miami,24.67°C,Good,2.13,3.08
10/8/2024 0:11:15,Houston,26.17°C,Fair,15.98,21.63
10/8/2024 0:11:28,Toronto,10.73°C,Good,2.43,6.17
10/8/2024 0:11:29,San Francisco,19.83°C,Fair,3.87,6.83
10/8/2024 0:11:29,New York,15.37°C,Good,2.24,4.09
10/8/2024 0:11:30,Dallas,24.08°C,Fair,14.48,18.72
10/8/2024 0:11:30,Boston,12.8°C,Good,4.4,5.3
10/8/2024 0:11:30,Miami,24.67°C,Good,2.13,3.08
10/8/2024 0:11:31,Houston,26.17°C,Fair,15.98,21.63
10/8/2024 0:11:41,Toronto,10.73°C,Good,2.43,6.17
10/8/2024 0:11:42,San Francisco,19.83°C,Fair,3.87,6.83
10/8/2024 0:11:42,New York,15.37°C,Good,2.24,4.09
10/8/2024 0:11:43,Dallas,23.97°C,Fair,17.52,22.03
10/8/2024 0:11:43,Boston,12.77°C,Good,4.4,5.3
10/8/2024 0:11:44,Miami,24.67°C,Good,2.13,3.08
10/8/2024 0:11:45,Houston,26.17°C,Fair,15.98,21.63
10/8/2024 0:11:49,Toronto,10.66°C,Good,2.43,6.17
10/8/2024 0:11:49,San Francisco,19.83°C,Fair,3.87,6.83
10/8/2024 0:11:49,New York,15.41°C,Good,2.24,4.09
10/8/2024 0:11:50,Dallas,24.08°C,Fair,14.48,18.72
10/8/2024 0:11:50,Boston,12.76°C,Good,4.4,5.3
10/8/2024 0:11:50,Miami,24.67°C,Good,2.13,3.08
10/8/2024 0:11:51,Houston,26.17°C,Fair,15.98,21.63
10/8/2024 0:12:01,Toronto,10.73°C,Good,2.43,6.17
10/8/2024 0:12:01,San Francisco,19.39°C,Fair,3.87,6.83
10/8/2024 0:12:02,New York,15.37°C,Good,2.24,4.09
10/8/2024 0:12:02,Dallas,23.97°C,Fair,14.48,18.72
10/8/2024 0:12:02,Boston,12.8°C,Good,4.4,5.3
10/8/2024 0:12:03,Miami,24.67°C,Good,2.13,3.08
10/8/2024 0:12:03,Houston,26.17°C,Fair,15.98,21.63
10/9/2024 0:10:43,Toronto,7.53°C,Good,1.57,5.7
10/9/2024 0:10:44,San Francisco,14.78°C,Fair,1.89,2.9
10/9/2024 0:10:44,New York,16.13°C,Fair,7.88,16.04
10/9/2024 0:10:45,Dallas,22.16°C,Good,7.73,11.82
10/9/2024 0:10:45,Boston,9.05°C,Good,3.29,6.09
10/9/2024 0:10:46,Miami,25.47°C,Good,8.3,13.51
10/9/2024 0:10:46,Houston,22.99°C,Good,4.59,6.61
10/10/2024 0:10:43,Toronto,6.55°C,Good,0.5,1.35
10/10/2024 0:10:44,San Francisco,15.27°C,Fair,1.68,3.22
10/10/2024 0:10:46,New York,13.68°C,Good,2.86,6.64
10/10/2024 0:10:46,Dallas,23.12°C,Fair,14.36,21
10/10/2024 0:10:47,Boston,11°C,Good,1.22,2.29
10/10/2024 0:10:48,Miami,27.23°C,Fair,3.34,5.87
10/10/2024 0:10:48,Houston,24.16°C,Good,9.42,13.34
10/11/2024 0:10:44,Toronto,6.97°C,Good,2.73,10.19
10/11/2024 0:10:44,San Francisco,13.56°C,Fair,4.86,11.14
10/11/2024 0:10:46,New York,10.43°C,Good,1.05,2.33
10/11/2024 0:10:46,Dallas,23.93°C,Good,6.36,8.3
10/11/2024 0:10:47,Boston,8.1°C,Good,0.5,1.01
10/11/2024 0:10:48,Miami,24.11°C,Fair,3.2,5.95
10/11/2024 0:10:48,Houston,23.13°C,Moderate,26.87,37.42
10/12/2024 0:10:43,Toronto,17.72°C,Fair,14.31,16.11
10/12/2024 0:10:44,San Francisco,14.82°C,Fair,5.35,9.96
10/12/2024 0:10:45,New York,16.42°C,Good,4.95,6.82
10/12/2024 0:10:45,Dallas,24.94°C,Fair,10.74,12.74
10/12/2024 0:10:46,Boston,13.25°C,Good,2.69,3.63
10/12/2024 0:10:47,Miami,26.25°C,Fair,3.69,14.78
10/12/2024 0:10:48,Houston,23.61°C,Fair,16.06,18.92
10/13/2024 0:10:43,Toronto,10.25°C,Good,1.05,2.86
10/13/2024 0:10:43,San Francisco,18.09°C,Good,3.02,4.85
10/13/2024 0:10:43,New York,15.32°C,Good,4.46,8.02
10/13/2024 0:10:44,Dallas,25.36°C,Moderate,14.87,17.85
10/13/2024 0:10:45,Boston,8.47°C,Good,2.29,3.94
10/13/2024 0:10:45,Miami,24.18°C,Fair,3.14,8.93
10/13/2024 0:10:45,Houston,24.17°C,Fair,10.8,13.6
10/14/2024 0:10:43,Toronto,9.08°C,Good,0.63,1.12
10/14/2024 0:10:44,San Francisco,16.07°C,Fair,0.68,1.09
10/14/2024 0:10:44,New York,18.27°C,Moderate,26.51,36.68
10/14/2024 0:10:45,Dallas,25.06°C,Fair,16.27,20.42
10/14/2024 0:10:46,Boston,9.7°C,Fair,0.78,1.04
10/14/2024 0:10:47,Miami,24.33°C,Fair,9.26,14.4
10/14/2024 0:10:47,Houston,24.92°C,Fair,13.2,18.29
10/15/2024 0:10:43,Toronto,5.48°C,Good,0.66,1.83
10/15/2024 0:10:43,San Francisco,14.93°C,Fair,1.29,2.38
10/15/2024 0:10:44,New York,8.88°C,Good,0.5,1.05
10/15/2024 0:10:44,Dallas,20.97°C,Good,8.62,13.01
10/15/2024 0:10:44,Boston,5.72°C,Good,0.5,0.72
10/15/2024 0:10:45,Miami,25.68°C,Good,9,14.49
10/15/2024 0:10:45,Houston,26.33°C,Fair,21.85,26.78
10/16/2024 0:10:43,Toronto,6.37°C,Fair,0.5,1.31
10/16/2024 0:10:43,San Francisco,15.85°C,Fair,1.47,1.93
10/16/2024 0:10:44,New York,9.52°C,Good,1.56,3.8
10/16/2024 0:10:44,Dallas,22.62°C,Fair,3.65,4.89
10/16/2024 0:10:45,Boston,6.54°C,Fair,0.63,1.26
10/16/2024 0:10:45,Miami,25.11°C,Fair,7.96,13.27
10/16/2024 0:10:46,Houston,25.86°C,Fair,21.82,28.54
10/17/2024 0:10:43,Toronto,4.6°C,Good,2.12,8.03
10/17/2024 0:10:44,San Francisco,14.6°C,Fair,1.46,3.19
10/17/2024 0:10:44,New York,9.44°C,Good,1.11,2.49
10/17/2024 0:10:45,Dallas,12.89°C,Fair,3.68,5.54
10/17/2024 0:10:45,Boston,4.45°C,Good,4.44,7.15
10/17/2024 0:10:46,Miami,22.79°C,Fair,6.22,9.39
10/17/2024 0:10:46,Houston,15.91°C,Good,2.67,3.73
10/18/2024 0:10:43,Toronto,8.56°C,Moderate,13.93,28.03
10/18/2024 0:10:44,San Francisco,17.61°C,Fair,0.82,1.71
10/18/2024 0:10:44,New York,10.94°C,Good,3.01,4.91
10/18/2024 0:10:45,Dallas,15.37°C,Good,4.06,5.82
10/18/2024 0:10:45,Boston,5.87°C,Fair,18.75,25.56
10/18/2024 0:10:46,Miami,24.25°C,Fair,3.62,16.64
10/18/2024 0:10:46,Houston,17.41°C,Good,7.77,9.85
10/19/2024 0:10:44,Toronto,10.36°C,Moderate,19.35,34.54
10/19/2024 0:10:45,San Francisco,17.42°C,Fair,1.79,2.62
10/19/2024 0:10:45,New York,13.09°C,Fair,6.26,9.78
10/19/2024 0:10:46,Dallas,18.88°C,Fair,4.42,6.39
10/19/2024 0:10:47,Boston,6.53°C,Fair,20.29,29.2
10/19/2024 0:10:47,Miami,23.82°C,Fair,4.25,9.71
10/19/2024 0:10:49,Houston,20.37°C,Fair,6.7,9.76
10/20/2024 0:10:45,Toronto,12.01°C,Fair,17.64,22.5
10/20/2024 0:10:45,San Francisco,17.99°C,Good,5.27,6.94
10/20/2024 0:10:47,New York,13.53°C,Moderate,27.84,38
10/20/2024 0:10:47,Dallas,18.8°C,Fair,10.32,11.57
10/20/2024 0:10:51,Boston,10.82°C,Fair,12.82,15.45
10/20/2024 0:10:52,Miami,25.57°C,Moderate,4.95,23.53
10/20/2024 0:10:55,Houston,20.74°C,Good,8.91,14.13
10/21/2024 0:10:44,Toronto,15.87°C,Fair,18.78,21.35
10/21/2024 0:10:44,San Francisco,16.08°C,Fair,8.2,12.21
10/21/2024 0:10:45,New York,15.57°C,Good,8.59,12.22
10/21/2024 0:10:45,Dallas,19.24°C,Fair,10.13,11.59
10/21/2024 0:10:46,Boston,12.85°C,Fair,7.55,8.93
10/21/2024 0:10:46,Miami,24.08°C,Fair,1.58,3.63
10/21/2024 0:10:47,Houston,20.15°C,Fair,12.42,17.09
10/22/2024 0:10:46,Toronto,15.79°C,Fair,20.61,31.25
10/22/2024 0:10:46,San Francisco,13.95°C,Fair,1.65,3.61
10/22/2024 0:10:47,New York,19.29°C,Fair,15.72,22.42
10/22/2024 0:10:47,Dallas,21.47°C,Fair,9.11,11.45
10/22/2024 0:10:48,Boston,16.35°C,Fair,15.39,18.59
10/22/2024 0:10:49,Miami,26.2°C,Fair,2.33,5.87
10/22/2024 0:10:49,Houston,20.1°C,Fair,23.86,30.52
10/23/2024 0:10:43,Toronto,16.84°C,Moderate,27.02,33.96
10/23/2024 0:10:44,San Francisco,13.08°C,Fair,1.56,3.74
10/23/2024 0:10:44,New York,17.22°C,Poor,59.13,72.17
10/23/2024 0:10:44,Dallas,23.97°C,Fair,5.29,9.82
10/23/2024 0:10:45,Boston,12.45°C,Moderate,36.33,44.11
10/23/2024 0:10:45,Miami,26.44°C,Fair,2.97,10.41
10/23/2024 0:10:45,Houston,22.8°C,Fair,13.72,19.91
10/24/2024 0:10:43,Toronto,9.87°C,Good,0.71,1.32
10/24/2024 0:10:43,San Francisco,15.5°C,Fair,1.84,3.23
10/24/2024 0:10:45,New York,17.26°C,Fair,10.18,16.6
10/24/2024 0:10:45,Dallas,25.33°C,Good,5.2,10.46
10/24/2024 0:10:46,Boston,16.77°C,Fair,4.23,7.85
10/24/2024 0:10:46,Miami,23.96°C,Fair,1.94,3.93
10/24/2024 0:10:47,Houston,22.3°C,Fair,10.27,15.56
10/25/2024 0:10:43,Toronto,8.45°C,Fair,5.19,16.96
10/25/2024 0:10:44,San Francisco,16.29°C,Fair,3.02,3.8
10/25/2024 0:10:45,New York,12.56°C,Good,1.07,2.21
10/25/2024 0:10:45,Dallas,24.77°C,Fair,6.52,10.04
10/25/2024 0:10:46,Boston,10.98°C,Good,0.93,1.75
10/25/2024 0:10:46,Miami,25.07°C,Fair,1.93,6.52
10/25/2024 0:10:47,Houston,22.71°C,Good,7.56,12.38
10/27/2024 0:10:44,Toronto,4.69°C,Good,0.9,2.75
10/27/2024 0:10:44,San Francisco,16.54°C,Fair,3.66,7.29
10/27/2024 0:10:46,New York,11.65°C,Fair,0.85,1.77
10/27/2024 0:10:46,Dallas,21.8°C,Good,9.06,11.21
10/27/2024 0:10:47,Boston,6.53°C,Fair,0.5,0.86
10/27/2024 0:10:47,Miami,25.34°C,Moderate,3.13,6.38
10/27/2024 0:10:48,Houston,23.96°C,Good,4.78,8.19
10/28/2024 0:10:43,Toronto,7.82°C,Good,2.36,6.9
10/28/2024 0:10:44,San Francisco,14.56°C,Fair,1.8,3.64
10/28/2024 0:10:47,New York,9.64°C,Good,3.56,6.86
10/28/2024 0:10:47,Dallas,23.85°C,Fair,11.58,14.68
10/28/2024 0:10:48,Boston,6.54°C,Good,1.94,3.15
10/28/2024 0:10:48,Miami,24.33°C,Moderate,3.43,10.77
10/28/2024 0:10:49,Houston,22.74°C,Fair,19.94,23.84
10/29/2024 0:10:43,Toronto,9.35°C,Good,2.03,4.04
10/29/2024 0:10:44,San Francisco,12.83°C,Fair,0.68,1.54
10/29/2024 0:10:45,New York,12.37°C,Moderate,15.23,24.16
10/29/2024 0:10:45,Dallas,25.11°C,Fair,2.86,4.83
10/29/2024 0:10:46,Boston,5.25°C,Fair,11.41,16.31
10/29/2024 0:10:46,Miami,25.57°C,Moderate,2.69,10.93
10/29/2024 0:10:47,Houston,25.13°C,Fair,7.59,14.22
10/30/2024 0:10:43,Toronto,11.84°C,Fair,17.63,21.61
10/30/2024 0:10:43,San Francisco,12.33°C,Fair,1.54,3.15
10/30/2024 0:10:44,New York,16.37°C,Good,5.45,10.43
10/30/2024 0:10:44,Dallas,25.22°C,Moderate,4.91,14.91
10/30/2024 0:10:44,Boston,10.25°C,Fair,1.67,3.85
10/30/2024 0:10:45,Miami,26.29°C,Fair,1.9,6.66
10/30/2024 0:10:45,Houston,24.58°C,Fair,3.41,11.38
10/31/2024 0:10:43,Toronto,19°C,Fair,11.73,14.33
10/31/2024 0:10:43,San Francisco,13.33°C,Fair,0.81,1.59
10/31/2024 0:10:44,New York,18.94°C,Fair,21.85,26.69
10/31/2024 0:10:44,Dallas,26.04°C,Fair,2.08,3.1
10/31/2024 0:10:44,Boston,14.72°C,Fair,20.32,23.85
10/31/2024 0:10:45,Miami,25.82°C,Fair,4.12,12.5
10/31/2024 0:10:45,Houston,25.69°C,Fair,2.61,4.7
11/1/2024 0:10:44,Toronto,18.21°C,Fair,1.95,2.86
11/1/2024 0:10:45,San Francisco,12.4°C,Fair,0.78,1.47
11/1/2024 0:10:46,New York,21.94°C,Fair,10.18,21.13
11/1/2024 0:10:46,Dallas,16.94°C,Good,6.2,9.51
11/1/2024 0:10:47,Boston,19.13°C,Fair,19.34,23.52
11/1/2024 0:10:48,Miami,25.89°C,Fair,2.78,7.38
11/1/2024 0:10:48,Houston,23.85°C,Good,6.8,11.26
11/2/2024 0:10:43,Toronto,4.65°C,Good,0.68,2.1
11/2/2024 0:10:44,San Francisco,14.4°C,Moderate,5.19,13.32
11/2/2024 0:10:45,New York,15.12°C,Good,1.93,3.98
11/2/2024 0:10:45,Dallas,19.9°C,Fair,11.06,13.07
11/2/2024 0:10:45,Boston,12.07°C,Good,1.15,2.22
11/2/2024 0:10:46,Miami,25.91°C,Fair,2,5.84
11/2/2024 0:10:46,Houston,23.55°C,Good,3.94,5.8
11/3/2024 0:10:44,Toronto,5.16°C,Fair,4.61,16.5
11/3/2024 0:10:44,San Francisco,13.08°C,Fair,0.56,1.26
11/3/2024 0:10:45,New York,9.37°C,Good,2.13,4.32
11/3/2024 0:10:47,Dallas,23.21°C,Fair,0.62,0.92
11/3/2024 0:10:47,Boston,3.49°C,Good,2.68,4.49
11/3/2024 0:10:48,Miami,26.1°C,Fair,2.39,9.08
11/3/2024 0:10:49,Houston,23.09°C,Fair,5.09,16.32
11/4/2024 0:10:43,Toronto,9.54°C,Fair,2.34,3.76
11/4/2024 0:10:43,San Francisco,14.66°C,Good,1.45,2.6
11/4/2024 0:10:44,New York,8.46°C,Fair,9.58,14.88
11/4/2024 0:10:44,Dallas,24.07°C,Good,2.11,3.08
11/4/2024 0:10:45,Boston,2.93°C,Fair,10.81,15.47
11/4/2024 0:10:45,Miami,25.49°C,Fair,2.85,13.58
11/4/2024 0:10:45,Houston,25.61°C,Fair,4.54,7.13
11/5/2024 0:10:44,Toronto,15.71°C,Fair,9.05,10.59
11/5/2024 0:10:45,San Francisco,14.53°C,Fair,1.66,3.36
11/5/2024 0:10:46,New York,12.47°C,Fair,11.94,22.53
11/5/2024 0:10:47,Dallas,18.01°C,Fair,8,13.65
11/5/2024 0:10:48,Boston,9.53°C,Good,6.11,11.94
11/5/2024 0:10:49,Miami,25.64°C,Fair,6.81,24.84
11/5/2024 0:10:50,Houston,26.12°C,Fair,5.03,14.89
11/6/2024 0:10:44,Toronto,17.91°C,Good,5.1,7.76
11/6/2024 0:10:44,San Francisco,16.44°C,Good,2.32,3.85
11/6/2024 0:10:46,New York,18.15°C,Fair,3.65,8.53
11/6/2024 0:10:48,Dallas,13.14°C,Moderate,29.64,44.75
11/6/2024 0:10:48,Boston,16.78°C,Fair,4.15,8.38
11/6/2024 0:10:50,Miami,26.88°C,Good,4.13,7.9
11/6/2024 0:10:50,Houston,20.91°C,Good,3.68,6.31
11/7/2024 0:10:43,Toronto,12.29°C,Good,1,2.17
11/7/2024 0:10:44,San Francisco,15.19°C,Fair,4.93,9.09
11/7/2024 0:10:45,New York,21.5°C,Good,5.83,8.73
11/7/2024 0:10:45,Dallas,15.04°C,Fair,13.3,17.27
11/7/2024 0:10:45,Boston,19.97°C,Good,2.47,4.07
11/7/2024 0:10:46,Miami,27.4°C,Fair,5.08,11.43
11/7/2024 0:10:46,Houston,24.38°C,Fair,20.17,28.87
11/8/2024 0:10:43,Toronto,8.53°C,Good,3.22,5.82
11/8/2024 0:10:44,San Francisco,14.26°C,Fair,19.69,27.18
11/8/2024 0:10:44,New York,12.94°C,Good,4.48,8.03
11/8/2024 0:10:45,Dallas,20.53°C,Good,8.78,10.45
11/8/2024 0:10:45,Boston,9.44°C,Good,3.78,6.78
11/8/2024 0:10:46,Miami,26.31°C,Fair,1.7,5.54
11/8/2024 0:10:46,Houston,24.21°C,Fair,11.48,15.08
11/9/2024 0:10:43,Toronto,4.07°C,Good,0.63,1.8
11/9/2024 0:10:44,San Francisco,13.29°C,Fair,20.2,24.5
11/9/2024 0:10:45,New York,12.86°C,Fair,0.77,1.38
11/9/2024 0:10:45,Dallas,16.12°C,Good,3.3,5.73
11/9/2024 0:10:46,Boston,7.79°C,Fair,0.5,0.74
11/9/2024 0:10:46,Miami,26.01°C,Fair,1.77,7.2
11/9/2024 0:10:47,Houston,25.73°C,Fair,11.9,16.17
11/10/2024 0:10:43,Toronto,6.7°C,Fair,4.86,12.89
11/10/2024 0:10:43,San Francisco,12.61°C,Fair,15.13,26.2
11/10/2024 0:10:44,New York,8.89°C,Fair,9.21,15.73
11/10/2024 0:10:44,Dallas,14.71°C,Fair,22.42,32.83
11/10/2024 0:10:45,Boston,2.15°C,Good,2.38,4.15
11/10/2024 0:10:46,Miami,25.96°C,Fair,1.86,4.85
11/10/2024 0:10:46,Houston,22.21°C,Good,5.26,7.57
11/11/2024 0:10:43,Toronto,11.29°C,Good,1.96,2.52
11/11/2024 0:10:44,San Francisco,14.4°C,Fair,4.41,6.7
11/11/2024 0:10:44,New York,12.55°C,Fair,2.99,3.92
11/11/2024 0:10:45,Dallas,16.58°C,Poor,51.5,65.69
11/11/2024 0:10:45,Boston,11°C,Fair,2.56,3.64
11/11/2024 0:10:46,Miami,24.97°C,Fair,5,9.14
11/11/2024 0:10:46,Houston,21.29°C,Good,9.38,11.72
11/12/2024 0:10:44,Toronto,4.77°C,Good,0.5,0.92
11/12/2024 0:10:45,San Francisco,11.83°C,Fair,0.8,1.98
11/12/2024 0:10:46,New York,14.36°C,Good,4.19,6.09
11/12/2024 0:10:47,Dallas,16.27°C,Fair,24.77,34.84
11/12/2024 0:10:48,Boston,13.01°C,Good,2.29,3.33
11/12/2024 0:10:49,Miami,25.7°C,Fair,17.3,29.88
11/12/2024 0:10:50,Houston,19.91°C,Fair,12.12,17.26
11/13/2024 0:10:43,Toronto,-1.4°C,Good,1.8,6.24
11/13/2024 0:10:43,San Francisco,11.12°C,Fair,1.16,2.23
11/13/2024 0:10:43,New York,5.01°C,Fair,5.98,6.84
11/13/2024 0:10:44,Dallas,15.56°C,Good,8.25,11.02
11/13/2024 0:10:45,Boston,2.29°C,Fair,0.5,0.94
11/13/2024 0:10:45,Miami,25.61°C,Fair,3.6,13.85
11/13/2024 0:10:45,Houston,18.31°C,Fair,18.29,28.52
11/14/2024 0:10:43,Toronto,7.01°C,Fair,2.11,3.38
11/14/2024 0:10:43,San Francisco,13.49°C,Fair,2.3,3.79
11/14/2024 0:10:44,New York,5.91°C,Fair,7.69,12.18
11/14/2024 0:10:44,Dallas,14.27°C,Good,3.47,5.16
11/14/2024 0:10:44,Boston,1.46°C,Fair,1.09,1.86
11/14/2024 0:10:45,Miami,24.94°C,Fair,5.49,19.5
11/14/2024 0:10:45,Houston,20.5°C,Fair,12.5,17.35
11/15/2024 0:10:43,Toronto,5.48°C,Fair,3.59,6.31
11/15/2024 0:10:43,San Francisco,11.29°C,Fair,0.5,0.83
11/15/2024 0:10:45,New York,6.59°C,Moderate,19.26,29.92
11/15/2024 0:10:45,Dallas,12.62°C,Moderate,41.2,57.97
11/15/2024 0:10:46,Boston,0.47°C,Fair,3.19,5.52
11/15/2024 0:10:46,Miami,23.32°C,Fair,4.1,13.63
11/15/2024 0:10:47,Houston,15.3°C,Fair,15.59,22.58
11/16/2024 0:10:44,Toronto,6.95°C,Good,7.44,9.85
11/16/2024 0:10:45,San Francisco,10.44°C,Fair,0.5,1.19
11/16/2024 0:10:45,New York,9.31°C,Fair,1.51,2.8
11/16/2024 0:10:46,Dallas,13.21°C,Fair,7.28,10.34
11/16/2024 0:10:46,Boston,7.49°C,Fair,1.41,2.7
11/16/2024 0:10:47,Miami,21.72°C,Fair,4.15,11.2
11/16/2024 0:10:48,Houston,16.26°C,Moderate,20.18,28.25
11/17/2024 0:10:43,Toronto,3.83°C,Good,6.11,11.19
11/17/2024 0:10:43,San Francisco,9.52°C,Fair,0.69,1.4
11/17/2024 0:10:44,New York,10.19°C,Fair,1.13,1.98
11/17/2024 0:10:44,Dallas,17.75°C,Fair,8.29,14.17
11/17/2024 0:10:45,Boston,8.21°C,Fair,1,1.75
11/17/2024 0:10:45,Miami,23.7°C,Fair,2.25,9.58
11/17/2024 0:10:45,Houston,22.91°C,Fair,5.62,12.33
11/18/2024 0:10:44,Toronto,9.67°C,Fair,12.66,14.17
11/18/2024 0:10:44,San Francisco,12.56°C,Fair,1.99,2.92
11/18/2024 0:10:45,New York,10.99°C,Good,8.64,12.94
11/18/2024 0:10:46,Dallas,22.58°C,Fair,1.67,2.01
11/18/2024 0:10:47,Boston,7.71°C,Good,5.23,8.8
11/18/2024 0:10:47,Miami,24.63°C,Fair,3.31,10.17
11/18/2024 0:10:48,Houston,23.95°C,Fair,6.59,20.38
11/19/2024 0:10:43,Toronto,4.75°C,Fair,3.29,9.85
11/19/2024 0:10:44,San Francisco,9.12°C,Fair,0.5,0.83
11/19/2024 0:10:44,New York,11.57°C,Fair,4.36,6.12
11/19/2024 0:10:45,Dallas,16.39°C,Fair,3.79,10.59
11/19/2024 0:10:45,Boston,8.57°C,Good,0.93,1.52
11/19/2024 0:10:46,Miami,24.61°C,Fair,3.28,8.46
11/19/2024 0:10:46,Houston,17.45°C,Fair,7.76,11.91
11/20/2024 0:10:45,Toronto,8.65°C,Good,1.52,2.42
11/20/2024 0:10:45,San Francisco,10.64°C,Fair,2.69,4.24
11/20/2024 0:10:46,New York,11.86°C,Moderate,47.87,80.88
11/20/2024 0:10:46,Dallas,15.97°C,Fair,7.18,14.02
11/20/2024 0:10:46,Boston,5.5°C,Good,3.21,5.57
11/20/2024 0:10:47,Miami,23.37°C,Fair,2.67,6.83
11/20/2024 0:10:47,Houston,17.79°C,Moderate,19.97,33.36
11/21/2024 0:10:43,Toronto,4.3°C,Good,8.42,10.49
11/21/2024 0:10:43,San Francisco,12.88°C,Fair,2.66,3.56
11/21/2024 0:10:44,New York,12.43°C,Fair,6.82,10.02
11/21/2024 0:10:45,Dallas,9.55°C,Fair,10.3,17.16
11/21/2024 0:10:45,Boston,7.83°C,Good,5.09,7.48
11/21/2024 0:10:45,Miami,24.46°C,Good,3.15,5
11/21/2024 0:10:46,Houston,12.95°C,Good,6.78,9.98
11/22/2024 0:10:43,Toronto,4.22°C,Good,0.78,1.57
11/22/2024 0:10:43,San Francisco,15.94°C,Fair,3.08,6.17
11/22/2024 0:10:44,New York,3.09°C,Fair,1.07,1.53
11/22/2024 0:10:44,Dallas,10.9°C,Moderate,19.35,29.78
11/22/2024 0:10:44,Boston,7.95°C,Fair,0.68,1.03
11/22/2024 0:10:45,Miami,15.52°C,Fair,7.47,8.91
11/22/2024 0:10:45,Houston,13.87°C,Poor,71.06,83.57
11/23/2024 0:10:43,Toronto,4.1°C,Good,1.41,4.67
11/23/2024 0:10:43,San Francisco,12.27°C,Fair,2.4,2.8
11/23/2024 0:10:43,New York,2.81°C,Fair,7.12,9.46
11/23/2024 0:10:44,Dallas,11.01°C,Fair,9.4,15.98
11/23/2024 0:10:44,Boston,7.13°C,Good,3.4,4.44
11/23/2024 0:10:44,Miami,16.04°C,Fair,4.35,8.13
11/23/2024 0:10:45,Houston,14.92°C,Moderate,26.07,39.33
11/24/2024 0:10:43,Toronto,3.98°C,Fair,0.5,1.14
11/24/2024 0:10:43,San Francisco,10.54°C,Fair,0.69,1.78
11/24/2024 0:10:44,New York,9.16°C,Good,0.5,1.09
11/24/2024 0:10:44,Dallas,15.05°C,Moderate,13.34,15.82
11/24/2024 0:10:45,Boston,5.58°C,Fair,0.5,0.91
11/24/2024 0:10:45,Miami,14°C,Fair,10.08,12.82
11/24/2024 0:10:46,Houston,17.15°C,Fair,10.9,14.78
11/25/2024 0:11:06,Toronto,-0.09°C,Fair,5.93,17.97
11/25/2024 0:11:07,San Francisco,12.67°C,Fair,1.07,1.49
11/25/2024 0:11:08,New York,7.46°C,Good,2.32,5.17
11/25/2024 0:11:08,Dallas,19.39°C,Fair,8.84,13.9
11/25/2024 0:11:09,Boston,4.22°C,Fair,0.5,0.93
11/25/2024 0:11:09,Miami,18.47°C,Fair,5.97,12.84
11/25/2024 0:11:10,Houston,20.79°C,Fair,4.94,12.14
11/26/2024 0:10:46,Toronto,6.4°C,Good,3.69,5.11
11/26/2024 0:10:46,San Francisco,12.08°C,Good,3.19,5.39
11/26/2024 0:10:49,New York,11.14°C,Moderate,21.71,31.1
11/26/2024 0:10:49,Dallas,8.44°C,Fair,3.55,5.21
11/26/2024 0:10:50,Boston,1.58°C,Fair,13.92,23.85
11/26/2024 0:10:51,Miami,23.37°C,Fair,5.61,13.09
11/26/2024 0:10:51,Houston,14.32°C,Fair,16.08,22.54
11/27/2024 0:10:43,Toronto,2.5°C,Good,0.93,1.79
11/27/2024 0:10:43,San Francisco,9.83°C,Good,1.98,3.55
11/27/2024 0:10:44,New York,7.66°C,Good,1.97,4.19
11/27/2024 0:10:44,Dallas,11.59°C,Fair,7.14,9.46
11/27/2024 0:10:44,Boston,3.28°C,Good,1.1,2.33
11/27/2024 0:10:45,Miami,22.49°C,Fair,5.38,11.64
11/27/2024 0:10:45,Houston,14.98°C,Fair,24.5,32.7
11/28/2024 0:10:43,Toronto,2.18°C,Fair,7.65,17.37
11/28/2024 0:10:43,San Francisco,10.46°C,Good,4.16,5.58
11/28/2024 0:10:44,New York,8.26°C,Fair,18.61,31.91
11/28/2024 0:10:44,Dallas,12.94°C,Fair,7.14,9.33
11/28/2024 0:10:45,Boston,1.69°C,Fair,11.52,18.7
11/28/2024 0:10:45,Miami,22.87°C,Fair,3.27,8.16
11/28/2024 0:10:45,Houston,22.4°C,Good,4.71,9.8
11/29/2024 0:10:43,Toronto,1.96°C,Good,1.49,3.29
11/29/2024 0:10:44,San Francisco,10.34°C,Fair,15.31,23.7
11/29/2024 0:10:46,New York,5.67°C,Fair,0.97,1.74
11/29/2024 0:10:46,Dallas,6.58°C,Fair,3.08,4.44
11/29/2024 0:10:46,Boston,4.04°C,Good,1.12,1.7
11/29/2024 0:10:47,Miami,21.62°C,Moderate,19.1,33.67
11/29/2024 0:10:48,Houston,11.84°C,Good,5.54,7.32
11/30/2024 0:10:43,Toronto,-1.9°C,Fair,0.5,1.15
11/30/2024 0:10:43,San Francisco,11.58°C,Moderate,17.85,26.78
11/30/2024 0:10:44,New York,1.24°C,Good,2.74,4.33
11/30/2024 0:10:45,Dallas,5.51°C,Good,8.3,13.69
11/30/2024 0:10:45,Boston,1.56°C,Good,2.89,4.76
11/30/2024 0:10:45,Miami,22.05°C,Moderate,26.38,35.4
11/30/2024 0:10:46,Houston,9°C,Fair,5.03,7.46
12/1/2024 0:10:43,Toronto,-3.64°C,Good,0.88,1.71
12/1/2024 0:10:43,San Francisco,12.16°C,Moderate,31.27,37.63
12/1/2024 0:10:44,New York,-0.89°C,Good,3.05,4.52
12/1/2024 0:10:45,Dallas,8.33°C,Fair,11.32,18
12/1/2024 0:10:45,Boston,-0.63°C,Good,0.88,1.6
12/1/2024 0:10:46,Miami,19.26°C,Fair,3.8,11.07
12/1/2024 0:10:46,Houston,12.74°C,Fair,14.32,19.79
12/2/2024 0:10:43,Toronto,-2.27°C,Good,1.65,5.3
12/2/2024 0:10:44,San Francisco,14.01°C,Moderate,26.88,34.02
12/2/2024 0:10:45,New York,-0.03°C,Good,8.9,13.63
12/2/2024 0:10:46,Dallas,8.93°C,Fair,21.3,32.01
12/2/2024 0:10:47,Boston,-2.46°C,Good,5.38,7.29
12/2/2024 0:10:47,Miami,17.21°C,Fair,3.55,5.83
12/2/2024 0:10:48,Houston,12.78°C,Moderate,19.01,27.77
12/3/2024 0:10:43,Toronto,-0.7°C,Good,1.94,6.09
12/3/2024 0:10:43,San Francisco,13.33°C,Moderate,26.56,31.79
12/3/2024 0:10:44,New York,0.69°C,Fair,9.51,17.72
12/3/2024 0:10:44,Dallas,8.76°C,Fair,15.51,20.31
12/3/2024 0:10:45,Boston,-2.84°C,Good,4.18,7.25
12/3/2024 0:10:45,Miami,15.64°C,Fair,5.75,9.86
12/3/2024 0:10:46,Houston,11.69°C,Fair,13.18,18.89
12/4/2024 0:10:43,Toronto,-0.93°C,Good,3.34,6.39
12/4/2024 0:10:43,San Francisco,13.2°C,Moderate,32,37.49
12/4/2024 0:10:44,New York,0.16°C,Fair,12.33,21.05
12/4/2024 0:10:44,Dallas,10.52°C,Fair,13.58,18.43
12/4/2024 0:10:44,Boston,-0.61°C,Good,3.36,5.84
12/4/2024 0:10:45,Miami,13.49°C,Fair,6.5,9.64
12/4/2024 0:10:45,Houston,15.27°C,Fair,11.62,15.16
12/5/2024 0:10:43,Toronto,0.42°C,Good,7.86,9.18
12/5/2024 0:10:44,San Francisco,12.92°C,Moderate,36.64,42.97
12/5/2024 0:10:45,New York,2.53°C,Good,5.22,7.34
12/5/2024 0:10:45,Dallas,11.78°C,Poor,50.34,66.38
12/5/2024 0:10:46,Boston,4.01°C,Fair,2.8,4.49
12/5/2024 0:10:46,Miami,19.72°C,Fair,1.91,7.13
12/5/2024 0:10:47,Houston,18.86°C,Moderate,28.66,33.39
12/6/2024 0:10:43,Toronto,-5.79°C,Fair,0.5,1.29
12/6/2024 0:10:43,San Francisco,12.41°C,Fair,10.89,13.58
12/6/2024 0:10:44,New York,-0.26°C,Good,0.5,1.16
12/6/2024 0:10:45,Dallas,4.37°C,Good,3.43,5.69
12/6/2024 0:10:45,Boston,0.98°C,Good,0.5,0.84
12/6/2024 0:10:46,Miami,18.45°C,Moderate,17.78,32.23
12/6/2024 0:10:46,Houston,13.11°C,Fair,7.05,8.68
12/7/2024 0:10:43,Toronto,-1.99°C,Good,2.1,3.36
12/7/2024 0:10:43,San Francisco,13.29°C,Fair,15.09,17.22
12/7/2024 0:10:44,New York,0.11°C,Good,3.51,6.4
12/7/2024 0:10:44,Dallas,7.72°C,Fair,11.22,17.72
12/7/2024 0:10:44,Boston,-3.1°C,Fair,0.62,1.37
12/7/2024 0:10:45,Miami,20.38°C,Fair,14.11,19.79
12/7/2024 0:10:45,Houston,10.16°C,Good,4.58,7.04
12/8/2024 0:10:43,Toronto,2.82°C,Good,7.68,9.09
12/8/2024 0:10:43,San Francisco,13.44°C,Good,6.23,7.49
12/8/2024 0:10:44,New York,3.38°C,Fair,10.65,14.46
12/8/2024 0:10:44,Dallas,6.9°C,Good,5.06,7.31
12/8/2024 0:10:45,Boston,0.94°C,Good,5.87,8.44
12/8/2024 0:10:45,Miami,19.32°C,Fair,2.45,9.87
12/8/2024 0:10:46,Houston,12.05°C,Good,4.7,6.34
12/9/2024 0:10:44,Toronto,2.76°C,Moderate,16.77,35.4
12/9/2024 0:10:45,San Francisco,12.52°C,Good,5.28,6.83
12/9/2024 0:10:45,New York,6.18°C,Fair,15.89,24.36
12/9/2024 0:10:46,Dallas,10.91°C,Good,4.71,6.54
12/9/2024 0:10:47,Boston,5.52°C,Good,4.82,6.13
12/9/2024 0:10:47,Miami,21.5°C,Fair,2.55,9.77
12/9/2024 0:10:48,Houston,15.05°C,Good,6.02,7.93
12/10/2024 0:10:43,Toronto,3.01°C,Fair,12.64,16.29
12/10/2024 0:10:43,San Francisco,11.53°C,Moderate,23.74,34.36
12/10/2024 0:10:45,New York,8.62°C,Fair,20.03,24.47
12/10/2024 0:10:45,Dallas,10.81°C,Fair,13.96,24.9
12/10/2024 0:10:45,Boston,6.63°C,Good,2.03,2.54
12/10/2024 0:10:46,Miami,22.66°C,Moderate,3.23,12.29
12/10/2024 0:10:46,Houston,20.71°C,Good,7.9,12.7
12/11/2024 0:10:43,Toronto,5.53°C,Moderate,46.56,64.26
12/11/2024 0:10:43,San Francisco,9.92°C,Moderate,27.45,36.78
12/11/2024 0:10:44,New York,10.21°C,Fair,21.86,25.19
12/11/2024 0:10:44,Dallas,4.61°C,Good,3.32,5.76
12/11/2024 0:10:45,Boston,2.71°C,Fair,11.61,15.81
12/11/2024 0:10:46,Miami,23.17°C,Fair,2.46,9.38
12/11/2024 0:10:47,Houston,8.45°C,Good,1.22,2.24
12/12/2024 0:10:43,Toronto,-0.56°C,Good,0.94,2.21
12/12/2024 0:10:44,San Francisco,11.94°C,Moderate,10.69,15.92
12/12/2024 0:10:44,New York,5.46°C,Good,1.09,1.81
12/12/2024 0:10:45,Dallas,8.04°C,Fair,8.6,15.24
12/12/2024 0:10:45,Boston,13.26°C,Fair,1.82,2.17
12/12/2024 0:10:45,Miami,17.85°C,Good,3.55,4.89
12/12/2024 0:10:46,Houston,7.72°C,Moderate,46.8,61.81
12/13/2024 0:10:43,Toronto,-7.94°C,Fair,0.71,1.6
12/13/2024 0:10:44,San Francisco,11.45°C,Fair,2.1,6.79
12/13/2024 0:10:44,New York,-1.67°C,Fair,2.15,3.88
12/13/2024 0:10:44,Dallas,11.71°C,Fair,4.16,5.86
12/13/2024 0:10:45,Boston,-2.21°C,Fair,1.19,1.94
12/13/2024 0:10:45,Miami,20.91°C,Moderate,2.8,15.38
12/13/2024 0:10:45,Houston,14.16°C,Fair,4.86,9.56
12/14/2024 0:10:44,Toronto,-7.98°C,Moderate,11.17,28.41
12/14/2024 0:10:44,San Francisco,14.13°C,Fair,3.33,8.46
12/14/2024 0:10:45,New York,-1.92°C,Fair,10.6,18.03
12/14/2024 0:10:45,Dallas,13.95°C,Fair,4.11,5.55
12/14/2024 0:10:46,Boston,-4.6°C,Good,1.84,3.42
12/14/2024 0:10:47,Miami,21.83°C,Fair,3.35,18.19
12/14/2024 0:10:47,Houston,17.77°C,Fair,4.26,6.55
12/15/2024 0:10:43,Toronto,-0.79°C,Good,5.07,6.5
12/15/2024 0:10:43,San Francisco,9.47°C,Fair,0.52,1.6
12/15/2024 0:10:44,New York,-1.16°C,Fair,9.21,14.08
12/15/2024 0:10:45,Dallas,12.34°C,Moderate,25.92,42.56
12/15/2024 0:10:45,Boston,-4.53°C,Good,3.58,5.69
12/15/2024 0:10:45,Miami,23.3°C,Fair,3.88,8.96
12/15/2024 0:10:46,Houston,20.43°C,Moderate,16.03,22.63
12/16/2024 0:10:44,Toronto,2.96°C,Good,6.61,9.54
12/16/2024 0:10:45,San Francisco,9.45°C,Fair,13.18,20.17
12/16/2024 0:10:46,New York,3.74°C,Moderate,27.94,37.59
12/16/2024 0:10:46,Dallas,20.95°C,Fair,3.36,4.89
12/16/2024 0:10:47,Boston,-0.33°C,Moderate,29.86,41.71
12/16/2024 0:10:48,Miami,23°C,Fair,2.64,7.08
12/16/2024 0:10:49,Houston,20.39°C,Fair,4.49,9.42
12/17/2024 0:10:43,Toronto,7.43°C,Good,2.08,2.85
12/17/2024 0:10:44,San Francisco,10.54°C,Moderate,21.16,26.19
12/17/2024 0:10:44,New York,10.21°C,Good,5.26,7.21
12/17/2024 0:10:45,Dallas,14.84°C,Good,8.31,12.23
12/17/2024 0:10:45,Boston,7.72°C,Fair,2.27,3.91
12/17/2024 0:10:46,Miami,24.06°C,Fair,2.5,6.1
12/17/2024 0:10:46,Houston,20.14°C,Good,7.2,11.17
12/18/2024 0:10:43,Toronto,3.06°C,Good,3.1,5.16
12/18/2024 0:10:44,San Francisco,11.03°C,Fair,10.55,14.1
12/18/2024 0:10:44,New York,9.29°C,Fair,10.74,17.14
12/18/2024 0:10:45,Dallas,19.83°C,Good,6.5,12.35
12/18/2024 0:10:45,Boston,6.21°C,Fair,2.03,3.36
12/18/2024 0:10:46,Miami,23.95°C,Fair,2.67,5.24
12/18/2024 0:10:46,Houston,19.93°C,Good,8.25,15.47
12/19/2024 0:10:44,Toronto,1°C,Good,0.74,2.22
12/19/2024 0:10:45,San Francisco,10.1°C,Fair,16.79,23.12
12/19/2024 0:10:46,New York,7.17°C,Moderate,24.59,27.3
12/19/2024 0:10:47,Dallas,7.21°C,Fair,10.79,13.84
12/19/2024 0:10:48,Boston,5.04°C,Fair,10.2,12.64
12/19/2024 0:10:48,Miami,22.38°C,Fair,3.71,7.68
12/19/2024 0:10:49,Houston,13.44°C,Fair,8.35,10.98
12/20/2024 0:10:45,Toronto,-2.9°C,Good,2.37,5.77
12/20/2024 0:10:45,San Francisco,9.24°C,Moderate,29.59,35.94
12/20/2024 0:10:46,New York,2.59°C,Fair,14.61,22.36
12/20/2024 0:10:47,Dallas,9.68°C,Poor,52.71,71.78
12/20/2024 0:10:47,Boston,-0.24°C,Good,2.75,4.97
12/20/2024 0:10:48,Miami,21.74°C,Good,2.79,5.37
12/20/2024 0:10:48,Houston,12.82°C,Poor,64.9,79.91
12/21/2024 0:10:43,Toronto,-5.5°C,Fair,1,2.56
12/21/2024 0:10:43,San Francisco,10.95°C,Fair,14.94,21.4
12/21/2024 0:10:45,New York,0.54°C,Good,5.07,7.61
12/21/2024 0:10:46,Dallas,5.25°C,Fair,11.74,17.65
12/21/2024 0:10:46,Boston,-3.53°C,Fair,1.22,2.11
12/21/2024 0:10:47,Miami,16.9°C,Fair,7.62,9.84
12/21/2024 0:10:47,Houston,11.77°C,Good,5,7.57
12/22/2024 0:10:43,Toronto,-13.61°C,Good,0.96,2.21
12/22/2024 0:10:43,San Francisco,12.45°C,Fair,4.88,5.78
12/22/2024 0:10:44,New York,-6.93°C,Fair,0.62,1.42
12/22/2024 0:10:45,Dallas,6.55°C,Good,7.4,10.38
12/22/2024 0:10:46,Boston,-8.87°C,Fair,0.5,1
12/22/2024 0:10:46,Miami,14.68°C,Fair,8.57,12.1
12/22/2024 0:10:46,Houston,8.93°C,Moderate,14.13,20.05
12/23/2024 0:10:43,Toronto,-8.04°C,Good,5.11,7.92
12/23/2024 0:10:43,San Francisco,13.91°C,Good,2.93,3.43
12/23/2024 0:10:44,New York,-9.33°C,Good,8.07,12.92
12/23/2024 0:10:44,Dallas,12.9°C,Fair,9.01,11.11
12/23/2024 0:10:44,Boston,-11.91°C,Good,2.15,3.7
12/23/2024 0:10:44,Miami,18.01°C,Fair,3.53,6.61
12/23/2024 0:10:45,Houston,11.95°C,Fair,8.97,13.14
12/24/2024 0:10:43,Toronto,0.74°C,Fair,9.17,11.3
12/24/2024 0:10:44,San Francisco,14.66°C,Good,1.77,2.53
12/24/2024 0:10:44,New York,-1.3°C,Moderate,26.86,35.23
12/24/2024 0:10:45,Dallas,16.82°C,Fair,6.86,12.23
12/24/2024 0:10:45,Boston,-4.66°C,Fair,4.87,7.61
12/24/2024 0:10:46,Miami,20.5°C,Fair,1.94,5.34
12/24/2024 0:10:46,Houston,18.09°C,Fair,7.7,14.24
12/25/2024 0:10:43,Toronto,-1.94°C,Fair,12.28,26.49
12/25/2024 0:10:44,San Francisco,10.14°C,Fair,0.5,1.37
12/25/2024 0:10:45,New York,0.81°C,Fair,14.61,19.49
12/25/2024 0:10:46,Dallas,11.56°C,Good,4.08,5.42
12/25/2024 0:10:46,Boston,-2.93°C,Fair,11.24,13.35
12/25/2024 0:10:47,Miami,20.44°C,Fair,3.12,6.41
12/25/2024 0:10:48,Houston,18.23°C,Good,6.46,9.5
12/26/2024 0:10:43,Toronto,-1.94°C,Moderate,23.31,45.2
12/26/2024 0:10:43,San Francisco,10.34°C,Fair,0.79,2.76
12/26/2024 0:10:44,New York,-1.99°C,Fair,13.7,17.4
12/26/2024 0:10:44,Dallas,12.68°C,Moderate,39.54,54.14
12/26/2024 0:10:45,Boston,-1.79°C,Good,9.94,14.05
12/26/2024 0:10:45,Miami,22.54°C,Fair,1.81,3.16
12/26/2024 0:10:46,Houston,17.41°C,Moderate,24.6,35.15
12/27/2024 0:10:42,Toronto,0.06°C,Fair,11.36,15.5
12/27/2024 0:10:43,San Francisco,12.93°C,Fair,3.97,6.2
12/27/2024 0:10:43,New York,-1.74°C,Moderate,34.2,44.38
12/27/2024 0:10:44,Dallas,12.34°C,Fair,14.25,18.78
12/27/2024 0:10:44,Boston,-4.81°C,Poor,52.21,73.49
12/27/2024 0:10:44,Miami,23.2°C,Fair,2.29,8.71
12/27/2024 0:10:44,Houston,17.32°C,Fair,18.43,23.32
12/28/2024 0:10:43,Toronto,0.91°C,Fair,19.14,21.78
12/28/2024 0:10:43,San Francisco,12.49°C,Fair,11.58,16.06
12/28/2024 0:10:43,New York,4.33°C,Very Poor,183.44,232.3
12/28/2024 0:10:44,Dallas,15.58°C,Moderate,29.04,45.05
12/28/2024 0:10:44,Boston,0.26°C,Moderate,25.28,33.71
12/28/2024 0:10:44,Miami,23.26°C,Fair,1.62,3.66
12/28/2024 0:10:45,Houston,19.93°C,Fair,10.93,15.75
12/29/2024 0:10:45,Toronto,3.22°C,Fair,9.69,12.42
12/29/2024 0:10:45,San Francisco,14.18°C,Good,6.73,9.97
12/29/2024 0:10:46,New York,8.35°C,Moderate,17.68,20.98
12/29/2024 0:10:46,Dallas,11.5°C,Fair,12.13,14.48
12/29/2024 0:10:46,Boston,5.41°C,Good,4.87,6.3
12/29/2024 0:10:47,Miami,23.76°C,Fair,2.98,10.8
12/29/2024 0:10:47,Houston,16.01°C,Fair,4.84,10.12
12/30/2024 0:10:43,Toronto,9.99°C,Good,2.07,4.41
12/30/2024 0:10:43,San Francisco,10.6°C,Fair,0.66,1.84
12/30/2024 0:10:44,New York,13.35°C,Fair,3.31,5.28
12/30/2024 0:10:44,Dallas,11.52°C,Fair,11.04,14.97
12/30/2024 0:10:44,Boston,10.95°C,Fair,3.7,8.16
12/30/2024 0:10:45,Miami,21.28°C,Fair,4.1,11.19
12/30/2024 0:10:45,Houston,14.41°C,Moderate,29.58,36.81
12/31/2024 0:10:43,Toronto,3.36°C,Fair,1.11,2.32
12/31/2024 0:10:43,San Francisco,9.74°C,Fair,0.92,2.03
12/31/2024 0:10:44,New York,8.59°C,Good,3.69,6.79
12/31/2024 0:10:45,Dallas,16.2°C,Fair,6.82,11.2
12/31/2024 0:10:45,Boston,6.93°C,Fair,1.76,3.08
12/31/2024 0:10:46,Miami,22.4°C,Good,8.4,17.71
12/31/2024 0:10:46,Houston,19.46°C,Fair,10.68,20.51
1/1/2025 0:10:43,Toronto,2.39°C,Good,3.27,4.42
1/1/2025 0:10:43,San Francisco,10.05°C,Fair,1.24,2.17
1/1/2025 0:10:44,New York,8.13°C,Fair,9,11.46
1/1/2025 0:10:44,Dallas,7.71°C,Good,6.45,9.28
1/1/2025 0:10:44,Boston,5.68°C,Good,7.1,8.56
1/1/2025 0:10:45,Miami,21.84°C,Fair,10.65,14.13
1/1/2025 0:10:45,Houston,13.32°C,Good,3.54,5.38
1/2/2025 0:10:47,Toronto,0.12°C,Good,0.5,1.02
1/2/2025 0:10:48,San Francisco,10.55°C,Good,6.5,9.43
1/2/2025 0:10:48,New York,4.28°C,Fair,0.5,1.08
1/2/2025 0:10:49,Dallas,5.04°C,Fair,20.45,30.59
1/2/2025 0:10:49,Boston,4.15°C,Good,0.5,0.81
1/2/2025 0:10:49,Miami,20.51°C,Fair,11.76,18.38
1/2/2025 0:10:50,Houston,11.73°C,Fair,11.13,16.15
1/3/2025 0:10:43,Toronto,-2.47°C,Good,0.5,1.22
1/3/2025 0:10:44,San Francisco,11.77°C,Fair,23.78,31.99
1/3/2025 0:10:45,New York,0.9°C,Good,1.01,2.18
1/3/2025 0:10:45,Dallas,9.51°C,Moderate,30.08,44.5
1/3/2025 0:10:46,Boston,1.05°C,Good,0.5,0.87
1/3/2025 0:10:47,Miami,18.9°C,Fair,5.94,13.67
1/3/2025 0:10:47,Houston,15.09°C,Fair,13.26,18.07
1/4/2025 0:10:44,Toronto,-5.05°C,Fair,0.5,1.23
1/4/2025 0:10:44,San Francisco,10.8°C,Fair,0.6,1.73
1/4/2025 0:10:45,New York,-0.7°C,Good,0.95,2.13
1/4/2025 0:10:46,Dallas,14.36°C,Fair,19.84,25.18
1/4/2025 0:10:47,Boston,-1.79°C,Fair,1.02,2.11
1/4/2025 0:10:47,Miami,16.16°C,Fair,7.78,14.15
1/4/2025 0:10:48,Houston,17.54°C,Fair,12.24,16.32
1/5/2025 0:10:43,Toronto,-4.85°C,Fair,0.5,1.02
1/5/2025 0:10:43,San Francisco,9.51°C,Fair,0.95,2.02
1/5/2025 0:10:44,New York,-2.08°C,Fair,0.5,1.18
1/5/2025 0:10:44,Dallas,16.11°C,Good,5.81,7.12
1/5/2025 0:10:44,Boston,-1.42°C,Fair,0.5,0.85
1/5/2025 0:10:45,Miami,14.73°C,Fair,5.88,12.62
1/5/2025 0:10:45,Houston,19.42°C,Fair,4.58,10.49
1/6/2025 0:10:43,Toronto,-3.57°C,Fair,1.08,2.89
1/6/2025 0:10:43,San Francisco,11.09°C,Good,3.34,5.48
1/6/2025 0:10:45,New York,-1.84°C,Fair,0.65,1.55
1/6/2025 0:10:45,Dallas,-2.55°C,Fair,0.63,1.07
1/6/2025 0:10:45,Boston,-6.25°C,Fair,0.5,0.98
1/6/2025 0:10:46,Miami,20.64°C,Fair,3.49,11.86
1/6/2025 0:10:46,Houston,5.56°C,Fair,1.8,2.57